AL, 09, 2022092618,   , BEST,   0, 197N,  830W,  80,  976,   ,  34, NEQ,  100,   90,   60,   90, 1013,     ,  20,     ,    ,    ,    ,    ,330,  12,       IAN  ,   9,    3, 1, 1, 1, 1,     27.7,   24.6,   17.9,   28.3,    1.6543,   1.7553,   1.7439,   1.7192,   1.7574,  81.1187,  81.1187,  81.1187,  81.1187
AL, 09, 2022092618,   , BEST,   0, 197N,  830W,  80,  976,   ,  50, NEQ,   50,   50,   20,   30, 1013,     ,  20,     ,    ,    ,    ,    ,330,  12,       IAN  ,   9,    3, 1, 1, 1, 1,     19.7,   20.0,    9.2,   13.8,    1.6543,   1.7260,   1.7270,   1.6876,   1.7043,  81.1187,  81.1187,  81.1187,  81.1187
AL, 09, 2022092618,   , BEST,   0, 197N,  830W,  80,  976,   ,  64, NEQ,   30,   25,    0,   20, 1013,     ,  20,     ,    ,    ,    ,    ,330,  12,       IAN  ,   9,    3, 1, 1, 0, 1,     16.6,   13.9,    0.0,   14.4,    1.6543,   1.7145,   1.7049,   1.7137,   1.7064,  81.1187,  81.1187,  81.1187,  81.1187
AL, 09, 2022092618,   , OFCL,   3, 203N,  832W,  85,  972,   ,  34, NEQ,  100,   90,   60,   90, 1013,     ,   0,     ,    ,    ,    ,    ,343,  13,        NA  ,  10,    3, 1, 1, 1, 1,     26.8,   23.2,   16.6,   27.4,    1.6866,   1.7830,   1.7698,   1.7462,   1.7849,  86.2214,  86.2214,  86.2214,  86.2214
AL, 09, 2022092618,   , OFCL,   3, 203N,  832W,  85,  972,   ,  50, NEQ,   50,   50,   20,   30, 1013,     ,   0,     ,    ,    ,    ,    ,343,  13,        NA  ,  10,    3, 1, 1, 1, 1,     18.8,   18.4,    8.3,   13.1,    1.6866,   1.7541,   1.7527,   1.7163,   1.7334,  86.2214,  86.2214,  86.2214,  86.2214
AL, 09, 2022092618,   , OFCL,   3, 203N,  832W,  85,  972,   ,  64, NEQ,   30,   25,    0,   20, 1013,     ,   0,     ,    ,    ,    ,    ,343,  13,        NA  ,  10,    3, 1, 1, 0, 1,     15.5,   12.5,    0.0,   13.0,    1.6866,   1.7421,   1.7313,   1.7359,   1.7332,  86.2214,  86.2214,  86.2214,  86.2214
AL, 09, 2022092618,   , OFCL,  12, 217N,  838W, 105, 1013,   ,  34, NEQ,  120,  110,   70,  100, 1014,     ,   0,     ,    ,    ,    ,    ,338,  10,        NA  ,  11,    3, 1, 1, 1, 1,    117.5,  107.6,   68.5,   97.9,  111.5833, 134.8200, 132.8725, 125.1213, 130.9533, 109.5253, 109.5253, 109.5253, 109.5253
AL, 09, 2022092618,   , OFCL,  12, 217N,  838W, 105, 1013,   ,  50, NEQ,   60,   50,   40,   50, 1014,     ,   0,     ,    ,    ,    ,    ,338,  10,        NA  ,  11,    3, 1, 1, 1, 1,     58.9,   49.1,   39.3,   49.2,  111.5833, 123.2362, 121.2892, 119.3571, 121.3054, 109.5253, 109.5253, 109.5253, 109.5253
AL, 09, 2022092618,   , OFCL,  12, 217N,  838W, 105, 1013,   ,  64, NEQ,   30,   25,   20,   20, 1014,     ,   0,     ,    ,    ,    ,    ,338,  10,        NA  ,  11,    3, 1, 1, 1, 1,     29.6,   24.6,   19.7,   19.7,  111.5833, 117.4280, 116.4545, 115.4872, 115.4856, 109.5253, 109.5253, 109.5253, 109.5253
AL, 09, 2022092618,   , OFCL,  24, 236N,  840W, 115, 1013,   ,  34, NEQ,  130,  120,   90,  120, 1014,     ,   0,     ,    ,    ,    ,    ,354,  10,        NA  ,  12,    3, 1, 1, 1, 1,    127.7,  117.8,   88.3,  117.9,  135.8870, 166.0636, 163.7247, 156.7563, 163.7544, 120.8659, 120.8659, 120.8659, 120.8659
AL, 09, 2022092618,   , OFCL,  24, 236N,  840W, 115, 1013,   ,  50, NEQ,   60,   60,   50,   50, 1014,     ,   0,     ,    ,    ,    ,    ,354,  10,        NA  ,  12,    3, 1, 1, 1, 1,     59.0,   59.0,   49.2,   49.2,  135.8870, 149.8405, 149.8359, 147.5185, 147.5231, 120.8659, 120.8659, 120.8659, 120.8659
AL, 09, 2022092618,   , OFCL,  24, 236N,  840W, 115, 1013,   ,  64, NEQ,   35,   30,   25,   30, 1014,     ,   0,     ,    ,    ,    ,    ,354,  10,        NA  ,  12,    3, 1, 1, 1, 1,     34.5,   29.6,   24.7,   29.6,  135.8870, 144.0471, 142.8794, 141.7206, 142.8893, 120.8659, 120.8659, 120.8659, 120.8659
AL, 09, 2022092618,   , OFCL,  36, 253N,  839W, 120, 1013,   ,  34, NEQ,  140,  130,  110,  140, 1014,     ,   0,     ,    ,    ,    ,    ,  3,   9,        NA  ,  13,    3, 1, 1, 1, 1,    137.8,  127.8,  108.2,  137.8,  149.7995, 186.2854, 183.6581, 178.4444, 186.3063, 126.9025, 126.9025, 126.9025, 126.9025
AL, 09, 2022092618,   , OFCL,  36, 253N,  839W, 120, 1013,   ,  50, NEQ,   70,   70,   60,   60, 1014,     ,   0,     ,    ,    ,    ,    ,  3,   9,        NA  ,  13,    3, 1, 1, 1, 1,     69.0,   69.0,   59.1,   59.2,  149.7995, 168.0702, 168.0635, 165.4603, 165.4670, 126.9025, 126.9025, 126.9025, 126.9025
AL, 09, 2022092618,   , OFCL,  36, 253N,  839W, 120, 1013,   ,  64, NEQ,   35,   35,   30,   30, 1014,     ,   0,     ,    ,    ,    ,    ,  3,   9,        NA  ,  13,    3, 1, 1, 1, 1,     34.6,   34.5,   29.6,   29.6,  149.7995, 158.9518, 158.9498, 157.6489, 157.6510, 126.9025, 126.9025, 126.9025, 126.9025
AL, 09, 2022092618,   , OFCL,  48, 267N,  835W, 115, 1013,   ,  34, NEQ,  150,  140,  110,  150, 1014,     ,   0,     ,    ,    ,    ,    , 14,   7,        NA  ,  14,    3, 1, 1, 1, 1,    147.6,  137.6,  108.1,  147.7,  138.3966, 177.8997, 175.2393, 167.3245, 177.9191, 121.9769, 121.9769, 121.9769, 121.9769
AL, 09, 2022092618,   , OFCL,  48, 267N,  835W, 115, 1013,   ,  50, NEQ,   80,   70,   60,   70, 1014,     ,   0,     ,    ,    ,    ,    , 14,   7,        NA  ,  14,    3, 1, 1, 1, 1,     78.8,   68.9,   59.1,   69.0,  138.3966, 159.4984, 156.8448, 154.2133, 156.8666, 121.9769, 121.9769, 121.9769, 121.9769
AL, 09, 2022092618,   , OFCL,  48, 267N,  835W, 115, 1013,   ,  64, NEQ,   40,   40,   35,   35, 1014,     ,   0,     ,    ,    ,    ,    , 14,   7,        NA  ,  14,    3, 1, 1, 1, 1,     39.5,   39.5,   34.6,   34.6,  138.3966, 148.9666, 148.9624, 147.6483, 147.6527, 121.9769, 121.9769, 121.9769, 121.9769
AL, 09, 2022092618,   , OFCL,  60, 275N,  832W, 100, 1013,   ,  34, NEQ,  180,  130,  120,  150, 1014,     ,   0,     ,    ,    ,    ,    , 18,   4,        NA  ,  15,    2, 1, 1, 1, 1,    176.9,  127.4,  117.6,  147.3,  106.4567, 149.1370, 137.2028, 134.8371, 141.9975, 106.9797, 106.9797, 106.9797, 106.9797
AL, 09, 2022092618,   , OFCL,  60, 275N,  832W, 100, 1013,   ,  50, NEQ,   80,   70,   60,   70, 1014,     ,   0,     ,    ,    ,    ,    , 18,   4,        NA  ,  15,    2, 1, 1, 1, 1,     78.7,   68.8,   59.0,   68.9,  106.4567, 125.4410, 123.0535, 120.6867, 123.0739, 106.9797, 106.9797, 106.9797, 106.9797
AL, 09, 2022092618,   , OFCL,  72, 281N,  829W,  75, 1013,   ,  34, NEQ,  180,  130,  120,  150, 1014,     ,   0,     ,    ,    ,    ,    , 24,   3,        NA  ,  16,    2, 1, 1, 1, 1,    176.1,  126.6,  116.9,  146.6,   59.2445,  91.5686,  82.4920,  80.7053,  86.1554,  79.8066,  79.8066,  79.8066,  79.8066
AL, 09, 2022092618,   , OFCL,  72, 281N,  829W,  75, 1013,   ,  50, NEQ,   60,   50,   50,   60, 1014,     ,   0,     ,    ,    ,    ,    , 24,   3,        NA  ,  16,    2, 1, 1, 1, 1,     58.8,   48.9,   49.0,   58.9,   59.2445,  70.0365,  68.2206,  68.2359,  70.0560,  79.8066,  79.8066,  79.8066,  79.8066
AL, 09, 2022092618,   , OFCL,  96, 301N,  823W,  45, 1013,   ,  34, NEQ,   90,   80,   50,   50, 1014,     ,   0,     ,    ,    ,    ,    , 15,   5,        NA  ,  17,    1, 1, 1, 1, 1,     87.0,   76.8,   48.3,   48.8,   19.0911,  28.7482,  27.6145,  24.4541,  24.5114,  45.3034,  45.3034,  45.3034,  45.3034
AL, 09, 2022092618,   , OFCL, 120, 335N,  820W,  25, 1013,   ,  34, NEQ,    0,    0,    0,    0, 1014,     ,   0,     ,    ,    ,    ,    ,  4,   9,        NA  ,  18,    1, 1, 1, 1, 1,     87.0,   76.8,   48.3,   48.8,    4.2366,   6.5468,   6.5468,   6.5468,   6.5468,  21.3414,  21.3414,  21.3414,  21.3414
